Imie1 Nazwisko1 13241 50 25 45 80 95 70 70 40 50 50 65 
Imie2 Nazwisko2 13242 80 65 75 90 80 65 90 0 80 90 
Imie3 Nazwisko3 13243 40 10 50 5 50 50 40 80 25 68 50 
Imie4 Nazwisko4 13244 75 10 50 25 98 70 95 85 70 75 95 
Imie5 Nazwisko5 13245 80 85 100 85 80 95 90 85 50 95 100 
Imie6 Nazwisko6 13246 100 25 60 85 80 70 60 85 50 65 65 
Imie7 Nazwisko7 13247 90 40 40 80 75 60 75 85 40 50 65 
Imie8 Nazwisko8 13248 10 0 30 0 45 45 60 65 50 75 75 
Imie9 Nazwisko9 13249 75 0 0 20 75 10 10 0 0 0 
Imie10 Nazwisko10 132410 100 20 55 45 90 98 40 85 50 75 45 
Imie11 Nazwisko11 132410 35 0 50 20 35 30 25 80 30 60 50 
Imie12 Nazwisko12 132412 100 35 75 95 90 85 88 75 90 80 
